buildings,V1,V2,V3
B1,-87.523001,32.423696500000005,2.262498423932156
B2,-87.5183388742949,32.4238530845241,19.314407560343408
B3,-87.51883201120438,32.42442487486958,9.148345465974328
B4,-87.51819929089062,32.42446278767641,29.98221740424625
B5,-87.5147815,32.422641,4.142189834515956
B6,-87.51516653877647,32.42322194480887,11.52234044059043
B7,-87.51417877820691,32.423500326392976,10.482669770361136
B8,-87.51607929472458,32.42381861357962,6.439926800943784
B9,-87.51450750000001,32.42393749999999,6.073486018399423
B10,-87.51483349999998,32.423962,5.23901520979366
B11,-87.51437316015125,32.42407542002071,7.42080857136653
B12,-87.51465250487429,32.42415373268343,6.269115582261946
B13,-87.5160734834261,32.42426883068049,15.839710198295547
B14,-87.51530225277111,32.42441238258485,7.036123917292133
B15,-87.5158952409895,32.42475138110121,8.058786912950715
B16,-87.51665302814212,32.42486713620071,9.740637276315521
B17,-87.51497589815317,32.42488982596104,17.278227228194766
B18,-87.51632956833673,32.42516786267927,13.246383598353589
B19,-87.516561,32.425292,6.1354404618431175
B20,-87.51535095391705,32.42538925652841,11.049921386790484
B21,-87.51523973169978,32.42561046382535,6.923739255528524
B22,-87.51647226908572,32.425639471452726,4.119550623742183
B23,-87.51669206015107,32.42566688340549,11.630018133313518
B24,-87.51896932303427,32.42474102974377,6.496177342385664
B25,-87.51859725668369,32.42490103776938,4.818887548571558
B26,-87.5198812238928,32.424958973700335,11.351898557008923
B27,-87.51823799999998,32.42507500000001,8.847874740212934
B28,-87.5168842931495,32.4251012791131,5.750003706434697
B29,-87.52004600000001,32.4251235,4.80484757376893
B30,-87.5181905,32.4252255,3.030907502675868
B31,-87.5178375692143,32.42523401412328,10.503415188672198
B32,-87.51714224509524,32.425279280285714,7.498782556165319
B33,-87.5199855,32.42528099999999,6.943417366540037
B34,-87.520006,32.4255875,3.222365359153665
B35,-87.51898925772977,32.425652971198645,8.424523743813282
B36,-87.5178267872371,32.425667034168406,7.459489064436113
B37,-87.51983693846128,32.425692203337235,5.257709622579459
B38,-87.51721886739455,32.426227972703785,12.852524521809919
B39,-87.51801921111944,32.42648021574559,8.583901355694968
B40,-87.51869287727156,32.4264922521742,5.498531589294274
B41,-87.5183113741219,32.426507675717644,12.06738285468466
B42,-87.51765456215679,32.42656725476716,10.320750377572342
B43,-87.517318,32.4265995,7.4088101280610115
B44,-87.49386888878038,32.421137454873275,14.119679316718049
B45,-87.49403685190273,32.42136275699465,4.524623834432586
B46,-87.49415724715678,32.421513133848705,7.272458130909038
B47,-87.49507714950911,32.4217677432445,1.9264705482940556
B48,-87.49394030193355,32.42179197734446,7.707768275229098
B49,-87.49484419215139,32.42198578043533,13.943022450161276
B50,-87.4929432107823,32.423426400552856,5.967410675472349
B51,-87.50066769643085,32.42688966911481,3.4871407588558707
B52,-87.50092000000002,32.427209000000005,7.16173451631977
B53,-87.50052397369313,32.42722323073659,4.236035649201282
B54,-87.50053165581359,32.42754093874392,5.630659501841254
B55,-87.50056006889473,32.42811442407598,8.099089178483348
B56,-87.50028820932698,32.428763181088655,9.497462957992505
B57,-87.50041900000001,32.4288365,2.4173808882807912
B58,-87.50017213067645,32.42970409411276,7.131245843175293
B59,-87.49758750000001,32.4303535,11.244936108806721
B60,-87.49990354602373,32.4304472105838,9.216766737874462
B61,-87.5161925,32.425717999999996,14.487295088372846
B62,-87.51523510807965,32.42596646193661,10.943647056458742
B63,-87.5143382322346,32.426004082692984,6.384984251628657
B64,-87.51619741780567,32.426032091368455,8.624690473683607
B65,-87.51620918296257,32.42624684903122,5.97341416587563
B66,-87.51664821600346,32.42659683500486,9.935723729444945
B67,-87.516383,32.426949,13.853415244682765
B68,-87.51609149181739,32.42721619959283,3.4217042945044582
B69,-87.51647600000003,32.427403999999996,2.3059587084772577
B70,-87.51623693518366,32.42771036085975,17.616370237569832
B71,-87.51827399999999,32.4266045,2.6132065227340853
B72,-87.51798885488411,32.42668570998483,4.12024915874647
B73,-87.5172138724167,32.426893873573185,7.719142966049503
B74,-87.5178745,32.427106,7.466587654125895
B75,-87.51671271841359,32.42858207912741,23.935071946702124
B76,-87.517386,32.428825499999995,12.097029995710004
B77,-87.51716074486201,32.430172147191236,10.945996668182886
B78,-87.5167495,32.430891,1.4266013334523429
B79,-87.51778550000002,32.4313225,11.623318844299963
B80,-87.51840600000001,32.432064999999994,5.419933722347441
B81,-87.5166856452163,32.42897954549383,7.851069360083994
B82,-87.51552025180435,32.429562627285044,8.10691864405306
B83,-87.5162100621998,32.42978679286744,15.617950015174372
B84,-87.51551598822097,32.4303245257296,10.860298564261749
B85,-87.5141605,32.430493000000006,4.75081840621747
B86,-87.51464600000001,32.430863,5.430285116032018
B87,-87.51510524592747,32.43088651690396,4.875778506813544
B88,-87.51616442867612,32.4309128897986,7.068232499718839
B89,-87.51650559714474,32.43093016465719,5.9544914665584905
B90,-87.5127495,32.431053000000006,8.57982601651782
B91,-87.51461192431518,32.43107082189589,6.644527387754053
B92,-87.51088162910288,32.43106774626394,5.946753104535257
B93,-87.51060743247157,32.43107723988133,7.602344894664858
B94,-87.51627874755245,32.43113055042878,8.674545003821166
B95,-87.5156115,32.43116549999999,4.165997333033566
B96,-87.51412472887944,32.43125001350354,6.301242797634387
B97,-87.516318,32.4312665,2.290031156378279
B98,-87.51274170441617,32.431313109356054,9.511621748321968
B99,-87.51475216291593,32.43134454479723,5.2777370915115025
B100,-87.51085839909132,32.431411740639774,9.65224120012528
B101,-87.50773724375539,32.43103602067184,4.369511700314521
B102,-87.51023725748341,32.43106404876067,6.609206632293102
B103,-87.50922775166367,32.43107072945194,5.14110668798596
B104,-87.5098878666557,32.43110077447111,13.070317565521492
B105,-87.50815621287785,32.431146113295334,6.932130610943995
B106,-87.50784505700825,32.43142694838045,6.0869737696992186
B107,-87.50923170364943,32.431440094550275,3.8502603545285012
B108,-87.50962222941227,32.43144115140401,11.938377451513974
B109,-87.50983557320014,32.43155575841084,3.898748377029939
B110,-87.50999561223658,32.43171974631844,3.3011668454388645
B111,-87.5113184322761,32.431446253740276,5.831355268367217
B112,-87.5105205653528,32.43145624715381,5.920225694836419
B113,-87.51450445510959,32.43148290006966,9.87925910805673
B114,-87.5133295,32.4315035,13.800161910326977
B115,-87.51541571479534,32.4315117578647,6.886254256840985
B116,-87.51084856886676,32.43165075510606,6.358162387048951
B117,-87.51051525196225,32.431663598807745,6.306378771103925
B118,-87.51407339696526,32.43169709316957,7.72858280449104
B119,-87.51143424062998,32.431736913476875,1.795254399854635
B120,-87.51133674552331,32.43176190436534,5.866480838270671
B121,-87.51087600000001,32.431853,7.01293793779476
B122,-87.51050924701157,32.431860893475275,5.750814245290822
B123,-87.5166200967452,32.43201895864732,6.752665171651596
B124,-87.51629212126349,32.43203867170362,7.588060715334237
B125,-87.51134752333178,32.43204841792603,6.341380869950582
B126,-87.51087125566575,32.43205359553113,6.740967489004172
B127,-87.51054924556784,32.43205889819203,6.11913777864838
B128,-87.51192455010364,32.43218372333563,11.261868702305138
B129,-87.5108965,32.432242,5.681184668309676
B130,-87.51054349999998,32.432258999999995,6.108407633762142
B131,-87.5113560767367,32.43234674485123,6.056485275763919
B132,-87.51092675292777,32.43243610602929,5.975907928165912
B133,-87.5105374322761,32.43245525374028,5.833184107759001
B134,-87.51136935319074,32.43261065435729,6.3897017746694
B135,-87.51092024391329,32.43263939324343,6.032042596276156
B136,-87.51057124733136,32.432652405238564,6.800324829758756
B137,-87.51504068616916,32.432676947262095,15.966174419287903
B138,-87.516271,32.4326815,8.750934997367514
B139,-87.51187142002479,32.43269223468311,13.719678365876701
B140,-87.51667954329776,32.43277580506129,4.064564203413028
B141,-87.50988280206657,32.43217592890335,15.68330624270903
B142,-87.51010349999999,32.432911999999995,9.672906433282293
B143,-87.50894298136696,32.43300805886643,7.12466239505585
B144,-87.5097667557037,32.433048150140856,9.026326172955274
B145,-87.5100973239684,32.433153592837954,9.932357151378516
B146,-87.50927881071195,32.43335491077171,8.689572419978084
B147,-87.51010600000001,32.433414,8.094766270162921
B148,-87.50986489255541,32.43341674366408,8.245431155586298
B149,-87.5077905,32.433479,5.121055488612595
B150,-87.507994519285,32.43352027278484,10.61158977931884
B151,-87.51215850000001,32.4328245,3.6973393831041825
B152,-87.51086637406155,32.432827568756124,12.314226278873397
B153,-87.51662307681188,32.43283482508706,2.717787423764344
B154,-87.51056825435501,32.43285010418417,6.391903408319461
B155,-87.51637676267536,32.43292248687381,5.595570941524855
B156,-87.51534241948706,32.432993745003586,6.342939589956931
B157,-87.51138732386303,32.433015838206536,11.989804204340093
B158,-87.5109365,32.4330365,6.445195158064184
B159,-87.510566,32.433049,5.860237625807091
B160,-87.5166945,32.433213,4.579368259969783
B161,-87.515375,32.4332305,5.150505208770428
B162,-87.5109585744572,32.43323474441843,6.994716702762872
B163,-87.51061257226932,32.43323616364412,8.39553702139106
B164,-87.51139485115885,32.433307480762814,6.972409280564162
B165,-87.51325223534941,32.43336298537553,6.847477252569652
B166,-87.51093062031849,32.43345134109189,8.812673441699486
B167,-87.51627974095867,32.433473712047075,23.267161209127764
B168,-87.51059824726414,32.433469353861696,8.236290585957345
B169,-87.51133564880625,32.433647855476586,6.873665449187748
B170,-87.51126149999999,32.433738999999996,2.1932172601407522
B171,-87.51672049999999,32.4329255,4.97468064686224
B172,-87.5175278952513,32.43315809925636,6.565563599083365
B173,-87.51785730505821,32.433475172977204,4.560968569511981
B174,-87.51750268463455,32.43347189987809,6.736213126181331
B175,-87.517826048708,32.43381175565245,11.05230684861339
B176,-87.52307799999998,32.433816,4.325010396347441
B177,-87.5167522640247,32.43385927060079,3.0956250072641582
B178,-87.51747172597975,32.434118322945,12.01187752253527
B179,-87.51713049258773,32.43424711044572,9.123075965779398
B180,-87.51682508193666,32.43427474860335,4.315029417443124
B181,-87.51102499999999,32.4337995,6.3628133295237586
B182,-87.51065780584356,32.43382553721937,6.163260323905458
B183,-87.5164125,32.434016,4.850459419042476
B184,-87.510787087056,32.4341274130272,4.303577922604601
B185,-87.51521769730459,32.43452636027739,8.876397414744563
B186,-87.51061369488484,32.43454784362018,7.282731686965418
B187,-87.510755,32.4348575,5.607937932806641
B188,-87.51630009333029,32.434867367005296,19.752703110007158
B189,-87.510299,32.4349965,6.785219684764129
B190,-87.510761,32.43509249999999,6.159426634126363
B191,-87.52587076291951,32.42277614558238,24.657446649413266
B192,-87.52574875346053,32.423172924055365,1.9023644523820717
B193,-87.5249882526887,32.4232075376637,8.133700565023744
B194,-87.52603620607871,32.42320115706346,13.844556286508963
B195,-87.52436145536393,32.42327323447054,9.24313148174929
B196,-87.52453265313108,32.423962798187084,19.613526463720802
B197,-87.5236688853883,32.42480722312978,5.493922368864288
B198,-87.5235522529613,32.43385504668509,13.823868005399214
B199,-87.52353953290795,32.43423908645177,16.996402654858453
B200,-87.52601632317281,32.447626552919345,4.937656673568853
B201,-87.51037350000001,32.43531550000001,6.00355556255295
B202,-87.5107645,32.435317,4.857187100795866
B203,-87.51332250000002,32.4354435,4.3801219115746335
B204,-87.51579000000001,32.4354475,4.334512660630931
B205,-87.51529101300389,32.435455311660164,8.244088236986183
B206,-87.51358333815263,32.43545809925416,5.4540539339891065
B207,-87.5110865,32.435489499999996,7.91278188286591
B208,-87.51155385359478,32.43554084509804,2.1902759162806404
B209,-87.5138454131989,32.4355477987253,7.715613483670107
B210,-87.51037349999999,32.43555399999999,5.576034526754721
B211,-87.50970058397726,32.43382324423113,6.742586578301764
B212,-87.50946073681536,32.4338234649892,5.6371800608380065
B213,-87.51007217020796,32.43383555762827,9.113559376213857
B214,-87.51016650000001,32.434264,6.601344483106729
B215,-87.5098175,32.43433100000001,6.415858452874699
B216,-87.51020349999997,32.434454,4.197619284140176
B217,-87.50949532481148,32.434516754997006,3.740785292435895
B218,-87.51017100670155,32.43462768871834,7.908212772335153
B219,-87.51001249999999,32.434644999999996,3.1681966970857616
B220,-87.50829725742332,32.43721747136123,9.217387648457287
B221,-87.51077174702115,32.43555811322676,5.978964910413821
B222,-87.51485700000002,32.435567500000005,7.140047812535485
B223,-87.51521684647678,32.43561119481279,7.641815583727782
B224,-87.5156628235299,32.43568625106141,10.68789651860191
B225,-87.51127600000001,32.435767999999996,2.0369688616773445
B226,-87.5107827559,32.435787092600656,6.166350394893607
B227,-87.5103725,32.43578900000001,6.686732566053068
B228,-87.51119800000001,32.435923499999994,3.705208936653195
B229,-87.51445626272759,32.43595648544531,5.050279144584381
B230,-87.51501149999999,32.43601149999999,8.74947291110933
B231,-87.51731485096782,32.43431531963663,4.431737254864654
B232,-87.52023099999998,32.434836000000004,13.142934409547536
B233,-87.51845666380613,32.43484267424138,7.797796103410426
B234,-87.51979958173874,32.434952337632886,7.548972245947447
B235,-87.5234005,32.434979999999996,12.717957879927162
B236,-87.5207395,32.43507100000001,2.313769261370183
B237,-87.51953699497732,32.43745321346414,11.75497743251168
B238,-87.51837450000002,32.437447000000006,3.557478933805086
B239,-87.51823148315171,32.437459177760275,8.156346287794596
B240,-87.5179917667427,32.43787555851904,4.577241602685954
B241,-87.5103801844478,32.43601663947197,6.204680976656869
B242,-87.51078656393443,32.436025244808754,6.305694891862592
B243,-87.51569026494548,32.43604198611675,6.601203564934378
B244,-87.5127501703104,32.43609136135924,7.7170539325704155
B245,-87.51338452499999,32.43609328611111,11.458277688508595
B246,-87.51196733893532,32.43615834697298,9.182092173226215
B247,-87.5147755,32.436171,8.247406142778177
B248,-87.5103924294464,32.43623775386772,5.363576252535385
B249,-87.5107965,32.43625999999999,5.703966580229475
B250,-87.51576825594373,32.43637095497331,3.6817999276282465
B251,-87.5103990767367,32.436466744851224,6.058812749962533
B252,-87.51472871528107,32.43656005353652,7.9512279264535906
B253,-87.51309946457353,32.436558585799325,8.32162473936277
B254,-87.51342979488562,32.436581253408306,6.965746498363316
B255,-87.51266100771849,32.436588053903655,11.377333929341072
B256,-87.51233195999035,32.43659067380694,8.905831488206154
B257,-87.51578424430019,32.43658856272789,6.687474611984793
B258,-87.51447999999998,32.436589500000004,6.231732674089278
B259,-87.51080500000002,32.43662500000001,5.620176210375356
B260,-87.514041,32.4366305,5.593567779395472
B261,-87.5007765,32.430457000000004,11.742813021238131
B262,-87.4972075,32.4305415,6.682654476289696
B263,-87.49696600000001,32.430592,8.160136892395407
B264,-87.50113376328275,32.430771203159146,11.512448032301029
B265,-87.50059949999999,32.4308195,7.376173223074394
B266,-87.49990243389578,32.430833217860155,7.143884409129547
B267,-87.49966606505933,32.4333792422503,2.8188791292992734
B268,-87.49944472513546,32.4334119865164,13.522166022137379
B269,-87.4977053746419,32.433676222205065,15.733804234982085
B270,-87.4995788018854,32.43389698610654,4.911501037254929
B271,-87.49963319029813,32.43426337280566,7.78923574108153
B272,-87.49996757384575,32.43427271268682,7.830529149880633
B273,-87.50019900000002,32.43428000000001,2.969277285923038
B274,-87.50050106195857,32.43441920771392,7.707655358401965
B275,-87.49880031489295,32.43475969131037,9.017218778112873
B276,-87.49919865818943,32.43478114714877,15.992766871212584
B277,-87.49834249999999,32.435144,10.235581115471406
B278,-87.49811199999999,32.435505,9.851156205998443
B279,-87.499262,32.43585199999999,4.03748560187258
B280,-87.49737661525774,32.435864280414435,15.493707523750516
B281,-87.49802175291552,32.43737837620605,10.722955267375834
B282,-87.49720349999998,32.437507,10.703494907502945
B283,-87.49827320326847,32.437625721365244,6.280185864049582
B284,-87.497749,32.43769149999999,3.6895909139609486
B285,-87.49775420016509,32.43791208966378,8.065264538771116
B286,-87.49809846779897,32.43797400621136,6.053594890497507
B287,-87.49723033924701,32.43801205206424,11.337539509015214
B288,-87.49770249999999,32.438137999999995,5.889959964592833
B289,-87.49835310104011,32.43853224492323,4.358441123175158
B290,-87.49791943440367,32.43859773784844,13.85163785758839
B291,-87.49633996693149,32.43864018160726,7.682017061879858
B292,-87.49585573531877,32.4386549610099,9.014908598764645
B293,-87.4953505,32.4386905,7.983850788221641
B294,-87.49682964992378,32.438739165349645,8.917697739000548
B295,-87.4959015,32.438758,2.48657191634089
B296,-87.4979374710747,32.43877099586508,7.0487831500534295
B297,-87.50066074442506,32.43884915055265,4.634396119330198
B298,-87.4962850885039,32.438955250197154,7.077361619768659
B299,-87.4958242544828,32.43896489136149,6.166113493225689
B300,-87.49641275294078,32.43900756207527,2.6094743526200808
B301,-87.50081130778213,32.439064484980626,11.313377487979231
B302,-87.49728147326864,32.43907004633262,6.815066807301908
B303,-87.49682510752689,32.43907324731183,3.4652288986705653
B304,-87.49688708864501,32.43927424616575,7.67547858057657
B305,-87.49581675316874,32.43927691203178,7.615017265736333
B306,-87.49629692110454,32.43928768552935,9.721526188610659
B307,-87.50170992669663,32.43954964182834,11.861851433219892
B308,-87.50001368662203,32.4395949625837,5.477339032696445
B309,-87.501359830249,32.43960623498172,17.591874441268445
B310,-87.49578965878854,32.4396622465421,7.531628003478119
B311,-87.49461299167727,32.4386836999506,12.94619341390121
B312,-87.49467014853482,32.439028644009326,6.031124531209992
B313,-87.49520150000002,32.43922350000001,6.198983719329323
B314,-87.49467099999997,32.4393385,4.55780112479459
B315,-87.49516624591905,32.43955839720729,7.288180887635564
B316,-87.49469785882276,32.439678614847836,2.7883092151906004
B317,-87.4951695,32.4397705,6.145566681408416
B318,-87.49448025349922,32.4398671528253,5.21324809452282
B319,-87.49469722259838,32.439992566859694,9.100352718182815
B320,-87.49462864165412,32.44023013085257,19.336997682185583
B321,-87.49684783688032,32.440463585022876,12.864819902602633
B322,-87.50109,32.440473999999995,9.152639370519843
B323,-87.4962893727468,32.44059453220767,6.0776474015543895
B324,-87.50243449999999,32.440605,15.533555902837918
B325,-87.50275905220933,32.440897345222595,8.684839532418117
B326,-87.4965449502848,32.440917744001375,4.171486044514475
B327,-87.49583185400418,32.44106187665922,5.921527862369697
B328,-87.49668599999998,32.441061999999995,8.32090043639872
B329,-87.50282360883311,32.441111289313675,5.5377177900357815
B330,-87.4953745963335,32.441180752908096,5.349441507104835
B331,-87.49522300000001,32.440303,6.799803085192444
B332,-87.49521007764179,32.440604801313775,6.004921702886269
B333,-87.49523650000002,32.440958499999994,7.391990210065536
B334,-87.49522881597026,32.44137179819844,6.278857950118409
B335,-87.4947185,32.441494500000005,5.510008486376808
B336,-87.495222,32.4418155,6.899771261975268
B337,-87.49474439328672,32.44183174694639,4.83032833833423
B338,-87.49525475964641,32.4419750301202,3.85104093097703
B339,-87.49523989648797,32.442126752926676,5.261923366914849
B340,-87.49527751973054,32.44227844175201,14.984180378642876
B341,-87.4958318091264,32.44126263421344,5.923264517555558
B342,-87.50228009894047,32.441343892146,15.808437504597334
B343,-87.49686477522269,32.441582459050764,9.486889453959936
B344,-87.49630153905966,32.44160145415314,6.737564322485348
B345,-87.495823,32.441596,7.582580065078464
B346,-87.50263899999999,32.441608,9.183604977818446
B347,-87.49812850000002,32.4417485,7.20912922321267
B348,-87.49632634830627,32.44175775507096,7.034191456559951
B349,-87.495805,32.441764,7.258497880256925
B350,-87.50295683318558,32.44186950126151,3.9499131521396844
B351,-87.4962835,32.441931999999994,6.405335726565815
B352,-87.49581977615857,32.44193075722681,8.30395566758351
B353,-87.50281644155159,32.4419551496384,3.414112805751872
B354,-87.49687627629027,32.44195703492433,2.7831390763363157
B355,-87.4982213259033,32.44197378135299,7.505773185483161
B356,-87.49573900000001,32.44210050000001,3.1171953917415216
B357,-87.49630658345862,32.44210199682927,10.420099533936325
B358,-87.49583209262924,32.4422644632062,6.005017964328377
B359,-87.49868556872629,32.44228278232272,5.619726050318656
B360,-87.49818598381546,32.44227767255759,5.802873625674043
B361,-87.514291,32.43667299999999,6.3759190630640035
B362,-87.51160835012504,32.43668595364493,9.302870127114016
B363,-87.51319300000002,32.436701500000005,1.460295507148886
B364,-87.51039707575534,32.436713558871475,9.169108044588205
B365,-87.51238000000002,32.436713000000005,1.6904605253539002
B366,-87.51304379108635,32.43671375951718,4.622580053242704
B367,-87.51119866526405,32.43683350997754,10.39822489087797
B368,-87.51041500000001,32.436894,5.977675784597021
B369,-87.51314899999998,32.436913000000004,4.371307072328012
B370,-87.51281182694946,32.436951394215264,10.373128354103962
B371,-87.51435441458374,32.436979162769546,8.645613701903578
B372,-87.51232838157647,32.436989666491385,6.633779110521352
B373,-87.51082507452952,32.437063747158554,5.7640435706482265
B374,-87.51574478797166,32.437092362827485,5.4209228739504765
B375,-87.51542624172987,32.43715149124417,6.713877848297487
B376,-87.51339955733674,32.43717120743828,5.019418271161555
B377,-87.51127253527702,32.43733969674787,6.380703591567805
B378,-87.51357263499665,32.43735707960235,11.088119590807342
B379,-87.51242858328251,32.43742171540182,6.158953894424563
B380,-87.51545230242444,32.437424455564916,4.7717183127970655
B381,-87.51561407295326,32.43758256004834,7.243734479264063
B382,-87.51664706072366,32.43761625889788,9.663572674971192
B383,-87.5131375,32.437675999999996,5.528001617417408
B384,-87.51419296476892,32.43770260317545,4.987557210982249
B385,-87.51138638095958,32.437748148553915,12.469418352285892
B386,-87.51063513754406,32.43788277454435,4.115262966024989
B387,-87.51561902715677,32.43791074550014,12.46665114003746
B388,-87.51646375476838,32.43797745594913,8.749999010403437
B389,-87.51576392360566,32.43819392377159,6.458648074342296
B390,-87.5146595,32.4382315,12.587491637529304
B391,-87.5152265,32.438362000000005,6.9567330185031855
B392,-87.51480000000001,32.43860900000001,3.7078918178700704
B393,-87.51358300000001,32.438691,7.2295287171114495
B394,-87.51519978413204,32.43879255262777,14.809399789388387
B395,-87.51583177016198,32.43886615466144,7.525275428982859
B396,-87.51305582459644,32.438960622399726,11.28358033837483
B397,-87.51483613855794,32.439043679823925,5.60277699084335
B398,-87.51450221781947,32.43909274667022,8.058228764076347
B399,-87.513304760421,32.43914536241518,5.8106269110179145
B400,-87.5140725,32.4391505,7.406690870742845
B401,-87.51534839388455,32.43917574324077,6.813283314738968
B402,-87.5138356499945,32.43920871258522,7.329528045086285
B403,-87.51554430039064,32.439228374869785,5.4883498036736285
B404,-87.51427374036616,32.43922909396684,4.559695923852566
B405,-87.51585992359622,32.43922429660459,9.36754510411242
B406,-87.51216017549721,32.4392686867962,8.18980831398705
B407,-87.51277141176908,32.43937206945427,14.397738246113732
B408,-87.51045443214124,32.43945671045653,7.493737034507587
B409,-87.515829,32.439512500000006,9.059568130156787
B410,-87.51315226803496,32.439516449907615,8.952602110115127
B411,-87.51383800615609,32.439516220067404,8.405445389453297
B412,-87.51514248341954,32.439523163066625,12.332878637324898
B413,-87.510444,32.439636,5.987273407472095
B414,-87.515025,32.439685999999995,5.0070235110136565
B415,-87.5158245,32.4397245,6.374667817386147
B416,-87.51057349999999,32.43983699999999,10.833780921635393
B417,-87.51498172725849,32.439842238922814,11.413428213126085
B418,-87.51164392690677,32.43995184469588,6.476375458599762
B419,-87.51234641284978,32.43999057841916,7.54145384606678
B420,-87.51460399999999,32.44002050000001,6.175659771892261
B421,-87.51499799999998,32.440031499999996,4.431317641523984
B422,-87.51484050000002,32.44006600000001,6.119851745817538
B423,-87.51497750000001,32.440114,1.7514195935017787
B424,-87.51267735156648,32.440131531227856,7.067999357722094
B425,-87.51352038314012,32.44013220056295,1.8739440025774605
B426,-87.51402562218844,32.44014130697586,8.464405448328876
B427,-87.51527675460657,32.4401614094219,5.43507556970796
B428,-87.51371025462348,32.44016595389851,6.042185197104338
B429,-87.51564150904093,32.44022785222104,8.091861554473093
B430,-87.51161199999999,32.440293499999996,5.395038166623971
B431,-87.50853312860312,32.437271247597934,4.605695557308476
B432,-87.50791049999998,32.43731199999999,2.494546267246406
B433,-87.50330248273366,32.44223075696787,10.538132821892082
B434,-87.50622314870388,32.44283005406277,27.2493095595198
B435,-87.50386487841168,32.442941891144166,32.791022771868214
B436,-87.50639904499974,32.44300615590587,22.454303148068142
B437,-87.50442533615224,32.44301159704547,22.761003601350247
B438,-87.50585549999998,32.443155499999996,14.078360659858149
B439,-87.50982772718565,32.443165460431025,9.160496292659817
B440,-87.5063761562104,32.44334046745633,23.275674088067547
B441,-87.51524922626733,32.440351301289965,7.5977735239216955
B442,-87.51378434810319,32.440359246231665,6.1854732121378975
B443,-87.51180249999999,32.4403815,6.0784814848166775
B444,-87.51642463988064,32.44037816840151,5.147324163574703
B445,-87.5140407653364,32.44039285371905,11.382362005868623
B446,-87.51462194790662,32.440443527176434,10.00619458616454
B447,-87.51493781151527,32.440470653147905,5.513205097398966
B448,-87.51193527630134,32.44048897477432,2.1207035106471492
B449,-87.51361243743129,32.44052355685265,4.0670178601819345
B450,-87.51581874235521,32.44054293709724,13.056384728067606
B451,-87.51175552267668,32.440592783707565,4.219428107550581
B452,-87.512787,32.440593500000006,12.754183236765712
B453,-87.51264805466809,32.44059375257366,1.5115918496597394
B454,-87.51196942774439,32.4406038427967,4.82102061162526
B455,-87.51572800000001,32.4407365,7.522882088949847
B456,-87.51298175299196,32.441002102020796,2.734663555907157
B457,-87.51187309561435,32.441037987881515,5.366885335250014
B458,-87.51654410963016,32.441049039846774,14.731681775923574
B459,-87.51568967383312,32.44109479160773,9.472732794731277
B460,-87.51309850000001,32.4410995,7.811965527213383
B461,-87.51774099999999,32.437968999999995,10.158403680854473
B462,-87.51677561903932,32.440748475574644,10.728593793320869
B463,-87.5173055,32.440855,10.026822267187535
B464,-87.516934527749,32.44104519695401,4.396558242919223
B465,-87.51683901314813,32.441479736361394,14.790058592631045
B466,-87.51901695212509,32.44332667011531,16.037774108335668
B467,-87.51702800000001,32.443693,5.965021363819489
B468,-87.521776,32.444005,3.0153042881838545
B469,-87.5198385,32.4440175,14.276635803655296
B470,-87.51753,32.4441145,30.13398063540883
B471,-87.5118990042618,32.4412731100447,7.74568429772884
B472,-87.512187,32.441385499999996,4.071910685118671
B473,-87.51245031792021,32.441394448715236,8.872638685650909
B474,-87.51644930342925,32.441606135577025,5.046481939828291
B475,-87.51290901257286,32.441656540408054,6.749750002355421
B476,-87.51064166891686,32.44191171995095,7.081817171007719
B477,-87.51131344790151,32.44192584068306,7.568397557393186
B478,-87.51094835654658,32.441941330477256,11.78359499784947
B479,-87.51122124586333,32.44198488937613,3.060890957783974
B480,-87.51028888193662,32.44198829473882,7.147867548237964
B481,-87.51629680396658,32.44204302819984,9.221591851616822
B482,-87.51313049999997,32.442060999999995,2.8831099177641466
B483,-87.512095,32.442127000000006,5.292015882171896
B484,-87.51239418435604,32.44213161974246,6.98922682712994
B485,-87.5127197032374,32.44212946421163,7.374524069406032
B486,-87.51300853419988,32.44215058919875,6.666163602500172
B487,-87.51128944263554,32.44233625620744,6.991368957010518
B488,-87.511627755091,32.44235183219707,10.077463599238042
B489,-87.51282526985905,32.44247400550733,8.622219003078612
B490,-87.5163029353538,32.442603244943484,12.490402941318457
B491,-87.51100749999999,32.442645,3.893424868458996
B492,-87.51134946867433,32.44268025332078,9.127703128806006
B493,-87.516186,32.4429125,3.367714088557241
B494,-87.51626311592992,32.44300269383281,4.806016220917369
B495,-87.51289735029289,32.4430642420226,6.274598498590087
B496,-87.51256658715468,32.44307788586281,9.220363102494101
B497,-87.51030245568741,32.443119221041655,5.40772179627563
B498,-87.51226600000001,32.443114,6.647302718309817
B499,-87.5131035,32.44315600000001,6.374134568536032
B500,-87.51550912460888,32.44321884369634,20.49889820097242
B501,-87.51624993542382,32.44323974591924,4.989554434629579
B502,-87.51257810071942,32.44327724220623,3.431093201051855
B503,-87.51285721078395,32.443505878900744,17.574887096845632
B504,-87.516249,32.443878500000004,6.145855554009723
B505,-87.51620079074014,32.44446369648618,16.723401479050096
B506,-87.5155248815213,32.44454224621664,1.794448322848127
B507,-87.5105798141734,32.44457436197649,8.093491259187871
B508,-87.5164075,32.4447635,38.24707235333015
B509,-87.51616869664707,32.44499341248616,6.291439765717856
B510,-87.5112485623892,32.445121732124186,1.9685366740021824
B511,-87.50407529158194,32.44336966906804,12.183001786095211
B512,-87.50585005540536,32.443437744998384,9.950917440959179
B513,-87.5099135,32.443487499999996,4.77880590586334
B514,-87.50427735281359,32.44359807227309,30.282447858833258
B515,-87.50506957543087,32.44363899516256,27.48126703965948
B516,-87.50635294752773,32.443644158425826,20.79136774384348
B517,-87.50626166088757,32.44388997778665,18.866173274792253
B518,-87.50477,32.443899,27.487486525145158
B519,-87.50851349999998,32.444862,4.180579603705475
B520,-87.50836300000002,32.4450605,18.531545867060274
B521,-87.51707223916034,32.444144531773816,12.009888739884559
B522,-87.52075400000001,32.444306,5.750693820761285
B523,-87.52015150000001,32.44448400000001,7.363981119949841
B524,-87.51747608044535,32.44449682849383,26.685399476495864
B525,-87.51958535090455,32.44453658962071,7.20259653712868
B526,-87.51737701524556,32.444660244832704,147.58362833784764
B527,-87.51839758022328,32.44470573936279,110.85674493462258
B528,-87.52008102130897,32.444738737442925,4.920873313663897
B529,-87.51846028834656,32.445279310007315,7.447554338364736
B530,-87.518667,32.4452965,7.072366564274571
B531,-87.51777219337832,32.44530051860415,5.790315410556347
B532,-87.51763068109834,32.44530785356904,6.543274243761917
B533,-87.51802639134144,32.44533972012512,5.021330578303054
B534,-87.51868049999999,32.44555,7.738771254443285
B535,-87.52210649999999,32.4456075,6.145269142297558
B536,-87.52065400000002,32.445632,6.129613854574451
B537,-87.52093824560235,32.445644448720614,6.420121592998954
B538,-87.52151890107984,32.44564620167661,6.271847872737424
B539,-87.52038964169161,32.4456497479164,6.343434482725936
B540,-87.52124037045388,32.44564925541085,5.810260547185894
B541,-87.50996525868379,32.44517654339059,13.431061548136
B542,-87.50600530247284,32.445340097249556,76.54957705025095
B543,-87.50337886081512,32.44568518885076,2.9822011481646022
B544,-87.5041067937853,32.4457159322034,4.574570541780816
B545,-87.50361999999998,32.445718,5.099999811859448
B546,-87.50391003979921,32.4457308307327,8.920499839386128
B547,-87.50314235342216,32.44574345518734,11.824271454037616
B548,-87.50430404963726,32.44576729744177,6.110247603637955
B549,-87.50317224157654,32.44586153850508,3.013413195415749
B550,-87.5048175,32.445908,9.731108478145801
B551,-87.51054435288471,32.44528830995875,16.03705098694575
B552,-87.51089299999998,32.4453545,4.670606217118568
B553,-87.51553474838525,32.44536968208268,265.7646754946309
B554,-87.51645375457404,32.44555895546026,6.247154139515104
B555,-87.51449863098243,32.44560465000286,18.694864857023504
B556,-87.51624225875058,32.445657862488034,4.291395849777858
B557,-87.51341900000001,32.445788,9.458336331381908
B558,-87.5163196153315,32.44593530625723,11.507422794029218
B559,-87.5165390862763,32.44596075435733,8.207268011753595
B560,-87.51180799999999,32.4463295,4.622190711632829
B561,-87.52010926015068,32.44565854896781,6.379454756387968
B562,-87.51988122518726,32.44575795224719,6.47609322027213
B563,-87.52199095642762,32.44582719224178,5.925842510824724
B564,-87.51934081218906,32.44583047095981,12.764159079999512
B565,-87.5196422548827,32.445830389977765,5.173505124368278
B566,-87.51838555217604,32.44587374888346,8.211074034816226
B567,-87.5189628310658,32.445880757229325,10.346627976610272
B568,-87.51861491627076,32.44590010000236,7.549477654188951
B569,-87.51744083550767,32.44591646456867,16.482576617335038
B570,-87.51874744405183,32.44592724381626,6.438096879717648
B571,-87.5182157479186,32.44592906238988,5.166031464165842
B572,-87.5218715,32.4460125,6.219627463848052
B573,-87.52100250000001,32.4460465,5.597701180223105
B574,-87.52071716894682,32.446061755078965,9.539289506384758
B575,-87.52025512326657,32.44607021828454,6.9437321523004805
B576,-87.52047626222432,32.4460725240874,9.625418654123145
B577,-87.52123649999999,32.4461055,5.971494409143297
B578,-87.52003431013858,32.44617753068474,6.8274476455981805
B579,-87.51919274573562,32.44620157721577,8.59159229061451
B580,-87.52176199999998,32.446219,6.272295982938955
B581,-87.51981822451883,32.44622295535815,6.264377823513577
B582,-87.5186754466828,32.44625825311298,9.393122474888907
B583,-87.5211670713349,32.44636025360608,6.117115638333609
B584,-87.521669,32.4464045,9.252678616889256
B585,-87.517845,32.446462499999996,2.1028139181962295
B586,-87.520363,32.4465345,5.687408160862624
B587,-87.52063710549945,32.44658730695847,6.672017050840252
B588,-87.52113997009211,32.44659369089765,8.776085940579655
B589,-87.52155964568783,32.446639921955295,6.0870152162540165
B590,-87.52010649999998,32.4466475,6.095122281454707
B591,-87.51469657248606,32.446335357662726,8.631250271685616
B592,-87.512165,32.446355999999994,28.329199463016423
B593,-87.51548000000001,32.4463615,7.713371646706905
B594,-87.51573858343933,32.44645974428464,8.216610937286017
B595,-87.51644093582975,32.44644030975673,80.47225140560042
B596,-87.5161375252379,32.446718002960175,11.102658887947833
B597,-87.51620401344269,32.44688159065846,5.87922586428697
B598,-87.51656452097065,32.44692067708192,9.876099042402922
B599,-87.51349460792792,32.44718199752608,7.878042732359994
B600,-87.5132138858257,32.447189488074066,7.842180058676332
B601,-87.5182255,32.446729500000004,3.461856872574349
B602,-87.52079705357825,32.44680370034443,6.521832200321766
B603,-87.5167750515337,32.446797017189404,18.09664477398143
B604,-87.51873538005867,32.446837162296994,12.10706049983517
B605,-87.51998483173631,32.446848951450114,6.979266624119265
B606,-87.51792265055562,32.44694128776953,10.247469897818355
B607,-87.51952689288687,32.446930220439405,5.569628571189524
B608,-87.51810723835636,32.44694432887671,7.9092129285533606
B609,-87.51977715339176,32.44695325225483,5.615982100580155
B610,-87.51737686152501,32.44696592596131,14.575496015981376
B611,-87.50542216202192,32.44653266273329,6.430452414284015
B612,-87.50734800000001,32.446616,11.046235060293874
B613,-87.50718050000002,32.4468295,8.31400353951016
B614,-87.51015446135786,32.44686879083562,14.48844049587631
B615,-87.50934229584492,32.44699314160556,8.02375409786
B616,-87.50913619848185,32.447043219569935,3.669318851009642
B617,-87.507206,32.4470635,8.241319599226589
B618,-87.5074707915981,32.44712597315523,11.110233906424781
B619,-87.50774071234123,32.44718153610759,8.275296768103999
B620,-87.5080115,32.4472325,10.965345072309617
B621,-87.51775374181499,32.44698403691496,3.2493826408630198
B622,-87.5190125,32.4469865,5.247873534085638
B623,-87.51829400000001,32.446989,4.330146397999371
B624,-87.52118437776856,32.44704562480738,7.7502668634677505
B625,-87.52161699999998,32.447136,5.239694424629155
B626,-87.52056368293172,32.447194571667886,6.2263821231013035
B627,-87.5167265,32.44726349999999,5.687708120056525
B628,-87.51771675045536,32.44731592167577,4.213880510302975
B629,-87.5189266851355,32.44732066964851,9.573760083123336
B630,-87.5194095,32.4473275,3.9701934432065045
B631,-87.51381093945824,32.44718745136042,7.457939869216329
B632,-87.51140563636456,32.447229621163196,8.89429123522072
B633,-87.51073263781846,32.44756493437793,5.894639509220202
B634,-87.51148725793922,32.447567548549245,5.8744378345991946
B635,-87.511812,32.447622,9.027508913288887
B636,-87.51319299999999,32.4476315,14.815400535003802
B637,-87.51211900000001,32.4476615,3.909398717626443
B638,-87.51273346487596,32.44766966690473,24.041266586817038
B639,-87.512322,32.447717000000004,16.950079503222085
B640,-87.51107935511179,32.44771602119583,20.27508862277007
B641,-87.5082945,32.44731,10.921635265983785
B642,-87.50856114705788,32.44743533689118,11.027961058300363
B643,-87.50713874462832,32.44747268163407,11.617478208906183
B644,-87.50883869914526,32.44755683540059,13.19333155458726
B645,-87.5076304719101,32.447572692883895,10.790931391151487
B646,-87.50738718712562,32.447592027026374,29.72843650315764
B647,-87.5081565,32.447646999999996,13.436967310119329
B648,-87.50908050000001,32.447683,8.08036499001852
B649,-87.50714049999999,32.4477615,11.793059978657233
B650,-87.50754917530934,32.44780365889226,12.333928852737518
B651,-87.51978150000001,32.44734400000001,6.829485625454637
B652,-87.52161174806153,32.447351408231285,6.309304042872375
B653,-87.5200263852036,32.44735619995084,6.891675772740605
B654,-87.51869661629158,32.44749067768787,8.467608744715921
B655,-87.52116756657162,32.44749474627811,5.908825646715941
B656,-87.52161042996207,32.44758024486436,6.224827408013476
B657,-87.518325,32.4477405,5.247720611165946
B658,-87.51870388006287,32.44776925275057,5.903187120885178
B659,-87.51832789540994,32.44789175444761,5.637465791314576
B660,-87.52116115975913,32.44789497520369,6.038517579505964
B661,-87.52055974874978,32.447901050868424,6.6315671746396925
B662,-87.52085950000001,32.447903,7.465636386107477
B663,-87.52153960099938,32.447974227770466,7.918336989913474
B664,-87.52003423262839,32.44810595166163,6.3751133433300105
B665,-87.52054479307877,32.448110293436656,8.593803479471918
B666,-87.51977350000001,32.448113000000006,6.367750858036882
B667,-87.52117656560613,32.44813325291292,5.622174196598845
B668,-87.51877809932935,32.448161189172865,4.429628947702694
B669,-87.51956010732637,32.448181918628265,5.796844865346533
B670,-87.52154749999998,32.448261499999994,8.127100695587242
B671,-87.50796,32.447873,13.453079489610811
B672,-87.5089358579806,32.44802904885075,13.121409692771296
B673,-87.50519194754654,32.4480881573604,6.573646055367983
B674,-87.50753727112128,32.44813490201602,6.107717488398619
B675,-87.50684373162844,32.44819611972404,10.81060828329649
B676,-87.50748168706924,32.448352309465406,9.206479274929432
B677,-87.504735,32.4483915,9.470353478792205
B678,-87.507756,32.448406000000006,7.559373760708981
B679,-87.50740975235175,32.44847194840552,3.4202026246113126
B680,-87.50359750000001,32.4484975,6.772774506261466
B681,-87.51407518651858,32.44781335677295,4.297547371851665
B682,-87.51079153491159,32.44803420756711,7.621584259119345
B683,-87.51138276670427,32.4480359768044,32.60092273111071
B684,-87.51405324736261,32.44811890962053,3.406001447367675
B685,-87.51329074143887,32.448196739679105,15.140712987790153
B686,-87.51268368824144,32.44826586153463,13.637663715923235
B687,-87.51057474827158,32.448459628807775,8.894239799926732
B688,-87.51603037159585,32.4485147570632,5.781739396751258
B689,-87.51644225618503,32.44852744149588,5.764176614987662
B690,-87.51534989987245,32.44859592076444,7.423258876045464
B691,-87.51746699999997,32.44828149999999,8.822237448641543
B692,-87.52059198671512,32.448297504661696,7.06613191006823
B693,-87.52118025187418,32.448336899373984,6.919222688110707
B694,-87.51870500000001,32.44846400000001,5.15805931793747
B695,-87.52069957649016,32.44848625481246,6.91387372523441
B696,-87.51826524993015,32.44848513766024,5.749575285998596
B697,-87.51979683606524,32.44851047437157,8.993665639136294
B698,-87.5211735,32.4485445,6.166832852805536
B699,-87.52323403713216,32.44858954764505,9.051069780293528
B700,-87.52161228766983,32.448652037286756,13.084560575315594
B701,-87.5149399541759,32.448606010544474,7.25354825082411
B702,-87.514025,32.448631500000005,8.233806150867002
B703,-87.51335964636732,32.44866049052124,15.590360489196563
B704,-87.51277020603939,32.44865723129252,13.567254841427257
B705,-87.51056550000001,32.4486735,7.8365656115118005
B706,-87.51602024366034,32.44867645473238,12.11896689176946
B707,-87.51457534480159,32.44869817559553,8.181856952299091
B708,-87.5113192276615,32.44871904415858,11.478841345208835
B709,-87.51198729218923,32.44873754037163,25.59296291875097
B710,-87.51557328079015,32.44877062863312,7.818313104888678
B711,-87.51879768319418,32.44865774717351,11.891300324167052
B712,-87.51947207567316,32.448672786908084,5.763290987497274
B713,-87.51924100000001,32.448689,6.807425226132007
B714,-87.5182960417983,32.4487022236194,8.387005354716827
B715,-87.52064329378531,32.44870961581921,6.358835613093609
B716,-87.5199028370617,32.448710047451776,5.787980613554516
B717,-87.5211775,32.44875100000001,6.589281323119117
B718,-87.51714975326936,32.4487583612753,9.741162688611507
B719,-87.51872190339695,32.44880079851645,7.264368008003852
B720,-87.51742522831644,32.448818850792826,4.120646984413655
B721,-87.51056368034591,32.44888928432515,8.983883062376414
B722,-87.51275080476513,32.44892125199386,10.664923046749948
B723,-87.5134078662737,32.44896829385851,31.031040993620707
B724,-87.51557113283043,32.448973443890075,13.534172064579716
B725,-87.51135847827717,32.44900140699571,11.687239372337006
B726,-87.51498940958679,32.44901825438096,2.3504937462123934
B727,-87.51458612305532,32.44901572657552,10.62712105111601
B728,-87.51601368856593,32.449072663318375,6.268056580597566
B729,-87.5105576718504,32.44910360376152,8.82336183492324
B730,-87.51276600000001,32.449121500000004,13.825286564838521
B731,-87.5201255,32.4488465,6.787880143517917
B732,-87.52041299577368,32.44886448207225,9.155620662934439
B733,-87.51679787186147,32.448932246753245,7.837316554425506
B734,-87.52027453736795,32.448934691788,4.684843120054559
B735,-87.52160240285146,32.448934835039225,7.15660888767016
B736,-87.52117534837964,32.44895826566951,6.006334013765076
B737,-87.51761613979437,32.44907754468342,14.341862057442258
B738,-87.51718142211553,32.44909997958129,24.705958096201318
B739,-87.52006139923326,32.44915030719287,11.535980025947469
B740,-87.52115755363788,32.44916165933727,5.4842488273650964
B741,-87.51107974626215,32.449178943587675,15.980795910337122
B742,-87.51390716721548,32.44920017818871,25.000607862025433
B743,-87.51142850000001,32.449209,8.655782303257539
B744,-87.512567,32.4492445,3.4391580167509357
B745,-87.515634,32.449249,13.621771396772402
B746,-87.51454350000002,32.44925150000001,7.085720590245611
B747,-87.51539050000001,32.4492595,7.975755855170888
B748,-87.51272424594869,32.44927295253179,7.792222369611773
B749,-87.51238136713206,32.44931587999628,10.550910820475977
B750,-87.51061778533912,32.44932075593157,8.759564682976915
B751,-87.5216301081597,32.449164134681766,6.581926844592701
B752,-87.51921649999998,32.449172,2.845018121771501
B753,-87.520833908267,32.4491789658682,7.356747057754211
B754,-87.52032738229981,32.44918180007998,6.4655539239118545
B755,-87.5198175,32.449182,5.8218863030501895
B756,-87.5205855,32.4491825,6.523993396663041
B757,-87.52104150241286,32.44921166684539,1.4960660121754241
B758,-87.519273753224,32.449545952060554,5.09052262175676
B759,-87.52126775905897,32.449580358203484,16.043482793380157
B760,-87.521044,32.449828499999995,24.07126318519442
B761,-87.5040897411576,32.449380932671644,5.262192588817662
B762,-87.50799938875844,32.44977088375733,12.478521540371851
B763,-87.50924911452148,32.449795265727914,8.280814858423009
B764,-87.50856755114074,32.44979920413619,7.97454561560392
B765,-87.50970720096296,32.44981562506756,12.757604659025496
B766,-87.50947435787661,32.44981896606008,12.474212249915439
B767,-87.509023,32.4498185,12.581091257829497
B768,-87.50879241911987,32.449819747025,12.788359659973525
B769,-87.50834266799873,32.44982528927207,12.172946067549383
B770,-87.507701,32.449852,12.38560283331218
B771,-87.510873,32.449349000000005,7.166522310495889
B772,-87.51277999999998,32.449374999999996,3.3181359394401033
B773,-87.51463572963723,32.44960029705681,17.232160777056365
B774,-87.5155298256705,32.44962118665199,31.411023443689672
B775,-87.51394825497103,32.44964154464829,2.2072060790149903
B776,-87.51341939846743,32.449700200412614,55.513325479066424
B777,-87.51038013699339,32.44975075708229,3.4631255630339397
B778,-87.51237750000001,32.449755,9.32866849194675
B779,-87.5127768386885,32.449828531074566,39.23568360423728
B780,-87.51080043667348,32.44991961546538,51.73885844712366
B781,-87.52396518223047,32.44856918451774,22.497837753021088
B782,-87.524168,32.44881000000001,12.419188885368143
B783,-87.5256831069115,32.44935129582279,6.221003756771668
B784,-87.52478222183203,32.44940842639255,18.248993719790917
B785,-87.52399884167093,32.4499581607901,19.353037420886867
B786,-87.52435697280292,32.45115876302036,5.927044037597168
B787,-87.52421100000002,32.4511765,4.013787396492752
B788,-87.524036,32.4511935,7.555961021078382
B789,-87.52354249999999,32.451274000000005,11.730473767022488
B790,-87.52431507635285,32.45163220192286,7.92524086827041
B791,-87.51472597639719,32.45008668701486,134.05943194786883
B792,-87.51144469589791,32.450109721168324,11.588548348593331
B793,-87.5152300549302,32.4501177463605,45.24067552009332
B794,-87.51185100000001,32.450148500000005,5.6741765924853755
B795,-87.512293,32.450185,21.975681986185933
B796,-87.51282165106939,32.450233189342974,16.030716641412905
B797,-87.51344259874716,32.45026993743149,52.27053054704868
B798,-87.51397433818624,32.4503070200041,37.104455345354836
B799,-87.51179420550226,32.45030336181213,13.962965277903606
B800,-87.51137003469574,32.45036751331991,11.328793734743513
B801,-87.5059328707884,32.44989069632287,44.26937625792369
B802,-87.50768806421691,32.450121848248976,8.047501686856403
B803,-87.50938349999998,32.450269000000006,6.556674087924112
B804,-87.5084385,32.45027949999999,18.64547323401817
B805,-87.50800413739785,32.45030792474045,8.112724321624192
B806,-87.50774191857697,32.45032124756774,12.876278840278207
B807,-87.50909375305362,32.45038625276184,17.80282076749903
B808,-87.5096375,32.450387,20.21708223749964
B809,-87.51017240036336,32.45048910132367,7.933472638468465
B810,-87.50857313027146,32.45054599952969,14.856329009073743
B811,-87.52071794619143,32.45005532994929,96.51606257940412
B812,-87.52057134181739,32.45057517379009,5.012172365568721
B813,-87.51812249999999,32.4505775,7.613616861499866
B814,-87.51768271160283,32.45068997036127,2.6138322577471413
B815,-87.5222208783363,32.450699357290226,13.558657143854301
B816,-87.517219,32.4507855,3.6587579347633197
B817,-87.51945439864228,32.450834176368716,11.587501134481084
B818,-87.51851045147765,32.45084353547105,11.894358559448591
B819,-87.51812889995784,32.45087119073138,8.04273705150042
B820,-87.519116,32.45086500000001,10.494238778645204
B821,-87.51602169293919,32.450398245892906,9.725752862988102
B822,-87.51130253413338,32.450568291885844,18.320604543091854
B823,-87.51568524669968,32.450700884488455,7.361696480735512
B824,-87.516025,32.4507225,7.521983430757437
B825,-87.51333524846785,32.450755298242335,11.495703688334132
B826,-87.51533059587929,32.45073871351537,25.79517228663434
B827,-87.51195191213566,32.45078174610568,10.25668869857655
B828,-87.51252200670714,32.45082335807476,24.082461806518154
B829,-87.51399515228078,32.450834115732796,93.71051388995474
B830,-87.51465324389068,32.450884289721294,59.65248866820163
B831,-87.51136011412896,32.45089002934812,15.052733950832561
B832,-87.51028097112084,32.450913826734684,27.851699752261432
B833,-87.5160745,32.4509695,6.855762627769558
B834,-87.5128645,32.45100250000001,12.670621065168463
B835,-87.51465824327545,32.451222973896265,3.1494276419939977
B836,-87.51557399454468,32.45124993798196,18.84695790562455
B837,-87.51070438076302,32.45127228813239,6.144262432681632
B838,-87.5133048371733,32.45128789614794,16.286953260699192
B839,-87.51622990416465,32.451327017918075,22.194252056440465
B840,-87.51520340556766,32.451403822263934,10.56445481481239
B841,-87.51775324422695,32.45091428961508,11.54539236391264
B842,-87.51709074246004,32.45097070789882,14.278700483135944
B843,-87.51731879699472,32.450980921107586,12.653304356961442
B844,-87.52175134085876,32.45120600351748,6.358571020893466
B845,-87.52265000000001,32.4512965,11.354711905097489
B846,-87.5218147557425,32.45139778918718,4.321335105535475
B847,-87.51707067888188,32.45153526712341,20.171245630834278
B848,-87.5191255,32.451553,6.86821967092154
B849,-87.51759932417845,32.451575606810685,22.60890850922948
B850,-87.51922675906034,32.45164608435944,4.085546509194316
B851,-87.50909777242661,32.450779481152665,18.67251882753744
B852,-87.50963428079181,32.45078198379316,18.839873175739037
B853,-87.50528912433931,32.45084392978078,52.4154917612625
B854,-87.5085633631964,32.450900969102314,18.528987515594014
B855,-87.50910000000002,32.451175,17.82964784740326
B856,-87.50963150000001,32.451176000000004,19.383861286731328
B857,-87.50858422989786,32.451297127438046,19.555910568879472
B858,-87.50910777836656,32.451535274408705,15.059237660755498
B859,-87.50537609610336,32.451573775678106,349.403762863373
B860,-87.50962597235781,32.4515792483592,19.591282448350917
B861,-87.51189079568202,32.45140272096046,22.168206110367713
B862,-87.51216374395078,32.451406463413356,8.595006786933775
B863,-87.514677,32.451451999999996,6.967921483946228
B864,-87.51286168956229,32.451463562471574,17.696978838965016
B865,-87.51407396091986,32.45146477669177,11.248104440960645
B866,-87.51362135312057,32.45179775596935,4.983299627163667
B867,-87.51339225157619,32.451821807450536,9.628229840588489
B868,-87.5139503643762,32.451822836056316,30.541308643516132
B869,-87.51287889506506,32.45183021413515,14.38300354322119
B870,-87.5107025,32.45186399999999,17.139396435924994
B871,-87.52216072399418,32.451649123202,5.128867762266038
B872,-87.52266200000001,32.4516575,1.3772451693658345
B873,-87.52241508358884,32.4517455865465,5.7527232940670245
B874,-87.5225763006952,32.451806477760336,5.95876014950973
B875,-87.523251,32.451811500000005,5.194565784685888
B876,-87.51782307063328,32.45188659259259,18.363416275644838
B877,-87.52267463774456,32.452100336428714,7.453029949394404
B878,-87.52301268747352,32.45213136381781,5.8897332653775
B879,-87.52334874323253,32.452165063314084,4.717236584091668
B880,-87.51921898542756,32.452423490903406,11.971848243760405
B881,-87.51241017916666,32.451880154166666,3.477479009316257
B882,-87.51613680444818,32.451901557341934,18.764515666613903
B883,-87.51363105207238,32.451915281727956,5.35981442511867
B884,-87.51560623416097,32.45193702148111,22.675923773775242
B885,-87.51665556961301,32.45193299846901,35.05192195166762
B886,-87.51464379908144,32.4519507407943,13.347521867831516
B887,-87.51288772377794,32.45202970611874,13.99606944759335
B888,-87.51411706608665,32.452054088124214,10.293546271587083
B889,-87.51093022270008,32.45212396603092,17.23019131650111
B890,-87.51342254675421,32.45221922888706,13.07056851299867
B891,-87.52352352002153,32.45173476620229,3.9692226050367356
B892,-87.524672,32.4517885,4.70938164697285
B893,-87.52431750000001,32.45182400000001,8.924484776628915
B894,-87.52370762116111,32.45183274318946,6.108445942027298
B895,-87.5242549612383,32.45213422147813,10.288252299605336
B896,-87.52355349999999,32.452169,7.113474760615533
B897,-87.52439158054989,32.45220225741274,3.7974653558888836
B898,-87.52368399999999,32.452226499999995,4.305789582136794
B899,-87.52353670176552,32.452350117752324,6.3193652251602614
B900,-87.52419818579213,32.45237647831117,7.153862607483947
B901,-87.5113825,32.45224150000001,6.680800394062798
B902,-87.51173833843268,32.45229807403509,6.631802253328912
B903,-87.514856609119,32.45237263419156,14.315759356588103
B904,-87.51030666134474,32.45235320912529,36.471894895205814
B905,-87.51588309018898,32.45257066201702,11.467663602060883
B906,-87.5162899617093,32.452590280261234,14.958817063290134
B907,-87.51068340977609,32.45259227035539,13.01525913127335
B908,-87.51403150193649,32.45261156638151,21.0018139918361
B909,-87.5155195607311,32.45261224247581,13.543340936961455
B910,-87.5165809676978,32.452631888065845,9.65589703732286
B911,-87.508573,32.451682500000004,17.271756365890937
B912,-87.50911328564752,32.45186995484047,15.137651531881472
B913,-87.50859195440495,32.45207095862118,18.86655032360929
B914,-87.51026474883508,32.45211301739014,16.060619425877114
B915,-87.5097515288362,32.45221523970044,14.120043367520019
B916,-87.50980532437417,32.45259344980237,17.66881224618804
B917,-87.50491207290966,32.452623238747826,4.006300053234012
B918,-87.50531093061612,32.452644471728924,53.503053485236585
B919,-87.51024650000001,32.453155,13.375215830735801
B920,-87.50875957212428,32.45331749192737,23.68956225359105
B921,-87.51793123836555,32.4524318248881,12.781254013350594
B922,-87.51945499999998,32.4524435,6.379270581041066
B923,-87.51891232476413,32.452438861161866,8.349355440569232
B924,-87.51857606864483,32.452453025056734,17.337795075106094
B925,-87.51713464193881,32.45257624897194,14.762049219752011
B926,-87.51680552269856,32.45261165156831,9.621254279407207
B927,-87.5181647075226,32.452718889812814,9.658209420054927
B928,-87.5220631564411,32.45281301228492,9.992869785582219
B929,-87.5206667578298,32.452908017891836,5.231524346362894
B930,-87.52096599999999,32.4529175,4.736215866874531
B931,-87.51286854674743,32.45263141924687,15.01735213331716
B932,-87.515315,32.452649,5.942332906145432
B933,-87.5123055,32.452664000000006,8.233594335527261
B934,-87.5109654980186,32.452666468580944,8.536328547775913
B935,-87.51478335986413,32.452814753862334,16.570625809295482
B936,-87.51288675484768,32.45308594216412,14.098302139377143
B937,-87.5106897538787,32.45310137806466,8.589884095265617
B938,-87.51414678146364,32.453170634178996,11.477745813446646
B939,-87.51666522525845,32.45318382346552,16.11574457960679
B940,-87.51606324399663,32.45319037921265,11.726646109393773
B941,-87.51633971040965,32.45320498273926,13.59642055653747
B942,-87.51479900000001,32.4532225,7.529982651875354
B943,-87.51546296776264,32.45322674708425,13.21295692188676
B944,-87.5157662855138,32.453220815812806,12.092938641743306
B945,-87.51068949999998,32.4533185,8.568668908011414
B946,-87.51196822569162,32.4532832015408,23.42304533957215
B947,-87.512877,32.45334750000001,5.145485712724472
B948,-87.51344474849397,32.453357595045574,10.581773881164033
B949,-87.51651845102225,32.45337377425709,5.39378337218405
B950,-87.5102885,32.4534405,11.227107210643123
B951,-87.52193551300523,32.45303137566078,7.1964962996674435
B952,-87.52091805625183,32.45304469386963,6.422309317152864
B953,-87.5172123621859,32.45312859547738,12.791381808399429
B954,-87.52032272790295,32.453438583553684,6.777445102478562
B955,-87.518939,32.4534605,6.9008500869214835
B956,-87.51913249999998,32.453464499999995,2.3730694535593777
B957,-87.5184465,32.4535695,5.659680391428508
B958,-87.5201995667819,32.453571439851146,5.726441638820942
B959,-87.52233008850995,32.45363148094296,7.022809857056799
B960,-87.51991173731679,32.4536763145434,4.983006359655143
B961,-87.51284949999999,32.45348749999999,8.57465229026099
B962,-87.51491093400202,32.45353553222706,26.217533554928742
B963,-87.51405986288076,32.45355277957144,9.30265782666774
B964,-87.510665,32.453569,11.109950233209396
B965,-87.513418,32.453667,8.880068187662317
B966,-87.51478624925915,32.453807051145134,18.875698297879694
B967,-87.5106817539922,32.453840650041144,10.766984352097841
B968,-87.51028529465063,32.45404591607133,13.871019852515664
B969,-87.51474342581677,32.4540532330148,7.321747951746168
B970,-87.5106715,32.454113,11.064274372375262
B971,-87.52132195329989,32.45370530675899,16.681149714590525
B972,-87.51820033327296,32.453765357942494,11.820815765318397
B973,-87.51922616747311,32.453791334062636,6.359785907929702
B974,-87.52189052382319,32.45382758282209,9.324051262187085
B975,-87.51971127001684,32.45388277363558,9.795861575254847
B976,-87.51869000893853,32.45391238175047,12.45629779617316
B977,-87.51781779629984,32.45397259207369,20.868522355005553
B978,-87.5212542639038,32.45402858572525,5.225736343473128
B979,-87.5198135,32.454123499999994,3.0080596059159994
B980,-87.5183951107077,32.45413206586557,16.66248078931673
B981,-87.51198175047956,32.45410973894057,17.862383245927134
B982,-87.5124235,32.45421,13.109695039291964
B983,-87.51334243177487,32.454231111593145,9.1505521442546
B984,-87.51482572003353,32.454272445595095,10.97467232501119
B985,-87.51289610578438,32.45431550309961,5.841921110981467
B986,-87.51260530650588,32.454315284300044,9.810875673396207
B987,-87.5111210358994,32.4544002358559,9.876227471677801
B988,-87.51211091317373,32.454677794074804,8.719949865496773
B989,-87.51175559601492,32.45468001540835,11.369510961083169
B990,-87.51270745989618,32.454702224935694,9.491907558498639
B991,-87.5219760374017,32.454184840434564,6.297421593039456
B992,-87.51945372982586,32.4541919852833,4.363457323917828
B993,-87.5226741387652,32.45422589370622,6.841054730436342
B994,-87.52223669114397,32.45422175488696,6.813373862130016
B995,-87.52144309643901,32.454227406723305,9.032031981733939
B996,-87.517421,32.45427399999999,14.683114123030649
B997,-87.52031286762632,32.45439341403873,10.81434051440424
B998,-87.5189935604904,32.45440822226897,4.452831559689388
B999,-87.51811989472976,32.45441014551826,16.551110528926394
B1000,-87.51954918436874,32.45457119171677,6.141439232840007
B1001,-87.5174541438346,32.45459093583901,13.280276358574518
B1002,-87.52093308863233,32.45459090109848,9.219329524685069
B1003,-87.51780175873738,32.454671824934955,14.61178940374218
B1004,-87.52264823997882,32.454707911199364,3.364304000171728
B1005,-87.51959160434455,32.45475356119345,5.452302070678066
B1006,-87.51886477124745,32.454784399397525,12.468067617067126
B1007,-87.52323696238862,32.45479354322247,3.9284752966066208
B1008,-87.52088709458631,32.45480629410595,6.271560926022367
B1009,-87.52064991734996,32.45482827386028,6.523179790847899
B1010,-87.5187425,32.45483900000001,2.2422980872159854
B1011,-87.51359841232619,32.45472410897986,13.757837706314112
B1012,-87.51392047341093,32.45473199613299,13.221345803037067
B1013,-87.51422066316421,32.45477926331265,12.402074035741641
B1014,-87.5112875,32.4548525,7.845032061924762
B1015,-87.51259100000001,32.4549375,5.588242565997644
B1016,-87.5119038539311,32.45511117739918,10.727630382657882
B1017,-87.51130285608045,32.455127786021535,9.132264597863493
B1018,-87.51424729751997,32.455197966441204,9.990117562935756
B1019,-87.51262387043597,32.45520689820688,9.770976629621007
B1020,-87.51184925996377,32.45532491847826,4.938274228135545
B1021,-87.51856400492812,32.4548579338809,7.821110573595078
B1022,-87.51969450000001,32.4550135,7.613078127252027
B1023,-87.5190781016143,32.45504292017525,7.613116684645277
B1024,-87.51872632291042,32.45513311472407,11.152914627266743
B1025,-87.52080469110226,32.45519037211155,7.383433369265898
B1026,-87.52169977833097,32.45519004227337,2.845677467613035
B1027,-87.519274,32.455217999999995,3.969875021668556
B1028,-87.52160729935291,32.45522360262663,11.181982920788267
B1029,-87.51837551805075,32.45528350463344,7.481504337393519
B1030,-87.5222045,32.4552965,6.719117964949765
B1031,-87.52109484152092,32.45531760699629,6.711153196076248
B1032,-87.51938773635379,32.45556871589093,6.921544742337795
B1033,-87.518212,32.4555885,7.763788934625985
B1034,-87.5214419458047,32.45559426412164,4.706163720332699
B1035,-87.51961716457535,32.45580537762361,7.057491736696703
B1036,-87.51833857776553,32.45584255812061,9.206716885203894
B1037,-87.5190625,32.455846,4.8383294116667805
B1038,-87.5188087214769,32.45604707950499,14.482639715257035
B1039,-87.51798753536455,32.45608820428374,11.291200006861205
B1040,-87.5176895,32.456172499999994,5.027898273512735
B1041,-87.51414158611216,32.455537627741855,19.032295198335422
B1042,-87.51321429112495,32.455558152108296,16.85578195611494
B1043,-87.5118838436831,32.455571365738756,11.906232469411172
B1044,-87.51248210341195,32.45575436342443,9.169075837060953
B1045,-87.51186172373565,32.45578833954348,9.723825485244156
B1046,-87.51400924574764,32.45599659963404,13.872694331699918
B1047,-87.51245377026086,32.45605010394772,8.349468086508328
B1048,-87.51200924428585,32.456253958734095,1.7298961150986703
B1049,-87.51250061758287,32.45637647072061,21.14270717513808
B1050,-87.51111605459975,32.45636218879528,13.575629866040178
B1051,-87.509654,32.45338650000001,20.36039199134145
B1052,-87.50919850000001,32.45341050000001,4.356215797908902
B1053,-87.5087615,32.453662,21.8676632109552
B1054,-87.5082391553934,32.45368556917805,17.936609300179924
B1055,-87.51026179375913,32.45373241756469,13.930770082643797
B1056,-87.50967275162418,32.4537546147938,20.273465540135327
B1057,-87.50915374826272,32.45377889643578,16.779827943608325
B1058,-87.50810849999999,32.45754,9.929011480696268
B1059,-87.50868953287164,32.45859499125347,27.005174859663043
B1060,-87.49581188157507,32.44243724691514,8.551780588642622
B1061,-87.4963125,32.442448999999996,8.153084135921649
B1062,-87.49648839726771,32.44257824631305,3.3142028940145796
B1063,-87.49583796876956,32.442621346807236,6.328143702490016
B1064,-87.49631059036322,32.44275693966975,8.515256616583063
B1065,-87.50228612562492,32.44289448232076,14.837725931213186
B1066,-87.50296496686009,32.442910806922185,13.182251075130315
B1067,-87.49688750000001,32.44293600000001,8.818105702937773
B1068,-87.5019905,32.443072,7.252436185291932
B1069,-87.4963152498539,32.44319235670038,10.011954541483604
B1070,-87.49472927305779,32.44229103061615,3.7659161492748012
B1071,-87.49475889493792,32.44247424546323,5.469926707694992
B1072,-87.49474400000001,32.442638,5.6358787662908245
B1073,-87.49503506261664,32.442881249617244,8.05916609243585
B1074,-87.49506099999999,32.44308249999999,5.951293050859013
B1075,-87.4946294044976,32.44319068046058,16.992185889206485
B1076,-87.49474950000001,32.443620499999994,8.840225067613703
B1077,-87.49474095775578,32.44379877755775,9.552561111969357
B1078,-87.4947826804541,32.44411703945302,9.577958522410404
B1079,-87.49479761087375,32.44472369607104,6.451297523558438
B1080,-87.49686496692311,32.443201662163524,8.913797172588533
B1081,-87.49700739725861,32.443228745481996,2.206041024370902
B1082,-87.50238188884515,32.44402883460535,19.16818970389313
B1083,-87.49897863909067,32.44535017503511,11.84645613385175
B1084,-87.49965100000001,32.445355000000006,6.912930365210745
B1085,-87.4993909118413,32.44537198732803,19.298683305273894
B1086,-87.49895176772617,32.44548592502038,1.5447304567511655
B1087,-87.5007995,32.445502499999996,10.99058959663058
B1088,-87.50129972576246,32.445546551037275,5.434895440903055
B1089,-87.49878083950276,32.44555517228153,3.8920364218620636
B1090,-87.50276747065654,32.44556799787501,7.73213653318237
B1091,-87.50191689020859,32.445603365644644,14.203901753798329
B1092,-87.4990244467693,32.44563325323379,8.780099090564107
B1093,-87.50241099999998,32.445666,6.937632589332231
B1094,-87.50283200000001,32.445855,8.828422745064218
B1095,-87.50057408864242,32.44647473941458,37.044614965944234
B1096,-87.49993690311521,32.447539246782924,10.855232765619203
B1097,-87.49962436122878,32.44774009499361,89.67553549076254
B1098,-87.49971141667345,32.44815360103396,39.71021511630421
B1099,-87.502504,32.4484475,45.83968737523921
B1100,-87.506158,32.4489685,4.105444181890004
B1101,-87.5038565,32.448978999999994,32.27127271691754
B1102,-87.50757150000001,32.448980000000006,5.976433649665543
B1103,-87.50771750000001,32.448994,5.169594678443478
B1104,-87.50634769072511,32.449093381114686,15.23111570213515
B1105,-87.50311497493617,32.44921908456495,7.489900379200506
B1106,-87.50436430884244,32.44930996239533,14.154927931236763
B1107,-87.50759017236344,32.44930547395073,5.521268931249004
B1108,-87.50796655469577,32.449311276135454,7.538228546938017
B1109,-87.504655,32.44931999999999,6.8894144268785915
B1110,-87.4950375,32.4455465,12.106966315789133
B1111,-87.49159530960533,32.45046857420184,21.722829590662947
B1112,-87.49166105817875,32.450907265627116,23.848984814010407
B1113,-87.50178249999999,32.448494499999995,8.597153445608628
B1114,-87.50255452880711,32.448655786438486,11.522439975897395
B1115,-87.49966076481779,32.44876562730547,23.913726572633912
B1116,-87.50178397083062,32.44882425013934,194.19547460069714
B1117,-87.496022,32.458881500000004,13.641726397508037
B1118,-87.49576232603603,32.4590598410552,9.648868816681807
B1119,-87.51955369256294,32.45635303465148,13.761413745213389
B1120,-87.5191377882019,32.456401092187356,17.242754927027782
B1121,-87.51864898471733,32.45642673565266,6.462437310244637
B1122,-87.518252,32.45643549999999,12.58376358051758
B1123,-87.520362,32.456834,9.461899602907703
B1124,-87.5219384705689,32.45740564761301,7.594166555150452
B1125,-87.52380845700088,32.45238373794449,9.997637622535793
B1126,-87.5235047554645,32.45253993606558,3.9107550554332966
B1127,-87.52372249999999,32.452679,6.71981197205333
B1128,-87.52741842099539,32.45311411064293,13.497929608614543
B1129,-87.5242804688702,32.45394510535964,9.90494540560066
B1130,-87.52367611681555,32.45484757008232,5.083247145746249
B1131,-87.5233957603609,32.45516542559959,5.488101312475827
B1132,-87.52461148461269,32.455466159547164,9.882253585114832
B1133,-87.51205506422667,32.45641493866089,12.392105750107639
B1134,-87.51504489290862,32.45696152725502,14.1288502211882
B1135,-87.51173200000001,32.457006,10.916239555546309
B1136,-87.51215851978304,32.45755410884603,40.96147679474575
B1137,-87.51301884393091,32.4576654499179,11.817299036911763
B1138,-87.5115074635231,32.45900624355681,12.956776680323008
